820784663;627814536;778927343;532790179;1595625625;1219665428;1615843679;2014724318;836390676;1870079977;232392996;558340448;328671729;1472842807;1005129101;529891495;1371444948;27753104;2069271844;304235011;1777566629;2088618462;604331137;1576171318;736785187;1936332978;929955783;1144040418;1736539705;1861452727;51691219;71096431;1174223233;1254033947;923896628;1046029292;1402226795;1254035235;1116883372;10098025;1203318087;966270618;1246596567;171976918;1634089165;2070010505;1459417857;1677594490;291602646;
333901599;1562677983;1593458035;1016870476;1309781748;765983503;277653500;693520295;1698743112;1238132386;1415872213;789445183;827906243;999878559;410512793;416359664;612390282;1614180797;1352286362;1824737109;334368778;1615566272;638227528;89805391;420477773;1625875781;1316875202;1218771682;845908595;1746109545;1233884451;1811251904;1795628774;1976831335;802915294;1093229298;1924504802;949539312;1968255743;1613126109;396802170;1848414036;1537344819;1030477194;875483495;371320316;1094955237;377283951;72467006;
1909031951;1559306738;1737113687;1350805071;1067162217;610372266;2041100816;653635607;1432730727;414137930;2114028130;972476732;968938877;384567258;1974833676;1212180994;256065708;2050114507;1674795461;1500703310;1679816185;318038146;1322093031;424800638;2026954966;991427167;1423156948;758291770;989953160;223059143;1571580911;744109228;431770539;1760685924;59300045;1048509196;1462554616;759601372;1792408609;2055502473;910184205;981248180;973845737;1161724164;762129463;1403223586;2124490104;566527063;138722995;
1827166498;2029311784;95887067;2052209796;2088613006;400401251;1482696900;632340466;1848147086;500533136;218226066;498672657;934075720;1511073118;1883045345;952114850;1325463777;2047077875;1335741367;1317777583;1748610166;716931591;1448972325;1172504674;2066332612;1980935756;379033891;1814638897;1557298678;1815085008;907742251;1698602873;473204915;147596730;1512235268;1453384346;513403400;1413696576;914849475;1146777352;120188165;447510216;328450443;222052773;2026912454;1984467015;1815797888;347527341;1524562874;
183331699;630246539;104487142;1228994758;845252230;650365707;501837501;1156348747;952745938;781326411;1366004014;525518801;560283719;666929094;1003501434;542122269;1545360577;1930421396;241490802;684354623;914350330;2133165904;1272456028;442256452;1567005481;1461586615;828262542;1618994584;1989155514;553296951;2087341367;1297926298;687166743;746382036;447108733;608800051;1465232357;1931868871;1454365464;1182986917;1015976438;802878389;778907140;573519000;1026721774;211422507;1146029965;1338950633;1753544655;
1338896630;411270328;411333599;994789763;1517500214;1276711132;200689645;1459036862;1653134711;2049528761;1956707790;1590439910;76184992;1565941612;664389425;1805387090;751819273;315755288;107702208;999884625;1932975193;1863249331;502585675;1589422865;1079517657;1670110835;1502812720;221261780;1620528880;1178419570;490298486;1245749158;516035566;359010665;760317755;1143496946;989751592;699570859;202743284;2074701398;555620542;815003381;442206153;2006851390;169244815;906457048;870557109;1577030408;1836159121;
200543275;1002608022;1662932153;1778404501;929155625;1205124575;750644919;1677887324;604978006;635520666;1917010573;2110317029;813260221;329478444;2087439620;66872745;2135104201;251870189;1709281018;858425556;623884331;1536559790;1517706152;1761759247;739115032;987492752;16069560;1978088598;205637527;99550487;896055103;147066212;1172485452;1333698873;1451667619;1293415360;1557481375;1885664950;776409085;2088513760;562319082;1918836773;553260292;889528344;239270543;2100214875;218409291;34798421;2058714454;
525618238;733767642;2002901597;1980104391;979552464;1220628338;477592055;668999089;388457346;1648744399;1973201729;1196687170;791189445;492184736;709882025;822883228;1532489669;638457514;1417021441;571107345;1375375768;282618965;741439165;1330281917;2109042782;706450322;1724917098;470095198;2049578684;1767307514;1597925906;749654206;2024909490;678510937;1195542367;752194495;1929487936;577048919;728790746;242225374;2147214625;800215028;2068042102;1343705549;932312238;1421243933;965240960;1587201097;1655711000;
1826045829;1004670261;2033255884;1420204005;687396043;1970811668;1406248655;1958142213;234108854;568472504;802121070;1736647576;2071506708;463139832;1732640742;2084894963;1655301162;240962030;2140132610;1141032743;1134490487;131844191;1630867085;1248181956;574280492;1921373921;293992176;1271911545;157552488;1953545041;1988853389;688510184;1403767285;144240229;2024349466;1133063900;2048711073;1231894683;1562160811;1719481612;2090942240;1200712458;1702145466;540358544;1725905004;1849971438;814066022;193559833;2001019470;
986255226;2036712553;577535941;1300576576;1732715246;1897174238;834631288;1166539430;1927387113;867964537;281109474;1587417572;1878864220;927297857;486475096;1134860295;1547939999;642452838;1519739182;209836179;1523381997;1795227270;106550773;580754501;674637802;687157552;1516737450;498252970;20756281;449182047;1718189944;1828133786;933468532;1648069411;848141731;725750339;1178246581;647177664;2018872994;1828114481;1415532048;1360624316;1608610978;638861043;1750016452;973593403;167408842;1919532049;729977261;
1009013202;1147443763;1800818538;965940969;1552734282;197651564;902872681;1293454380;1268353215;800288238;766085492;1447081641;1657572707;680626097;2132452817;1188088455;2124962684;2042237857;756749235;566203247;1625628310;744421328;1791155731;548753806;279422205;645584566;154712432;1310355898;280508031;130945632;1673695787;1781135346;1775079409;1852452096;680585624;1590304796;1306292480;1019166324;2016254773;1904407717;1406715614;444150037;903040369;35519518;1502555531;33417198;648818875;661382561;97720081;
902558099;1096097027;578394524;790067564;206294020;1521256510;1151676945;728848413;1519926291;1248268998;1344833698;1543798396;96941190;1082337267;476918764;1332125007;1855556031;59744651;173451954;840882950;43955839;379240350;1764183993;1431593408;576153709;659848193;590884568;1770416599;1441948862;162576372;630789915;1143674528;600711810;749040882;628954973;470528556;716317302;1135561097;1939075264;729084861;747538637;1640283515;1563617488;629732148;953983643;1548554184;19931151;1677134904;1069623795;
72317996;1977390354;1731695621;1900367321;72761315;2136629715;1806688831;376426279;1946608695;1453932497;1347700048;2138550088;1781871232;980554825;471393949;2146530883;2044904980;1565208284;1228623721;778926800;1985346975;1133682296;523225274;815143159;217709818;763143246;2058614662;605726471;1725763359;2101510273;1960450298;1853755647;1189959702;1181829888;679022655;1172671951;1053599178;2067187718;1256235814;1660815616;941955421;1659130673;655420674;1075335515;1186128850;2100360166;1433516917;1021216878;328979828;
1619173694;2135846117;1894764100;1103800732;1966696021;454872141;205248202;974453565;507055149;1562391184;1263983317;1941980962;2004204220;1736865363;1877675942;1123485444;464955778;2013798934;2075228260;40792309;47066384;1055588328;1916897756;545615208;1228653187;285414022;1698246554;1078225714;1059314535;44545851;122954937;1768001465;1269328879;1573024916;1743841801;1363741047;757567706;181203199;148811837;734204893;332595511;1286740716;1579824463;1415698900;590994628;2001674766;81125791;372311492;2044439924;
2137201865;1328327880;157667959;848073654;956106802;1229723203;1083293310;457237766;1856433427;834153853;497299376;1327731929;137653457;1407691445;14775552;1057884203;1400282798;1113781453;933005206;1558926419;280025091;1397917452;424750168;907262297;1879063406;1934580801;386521166;225479320;1886249161;2105201177;934161124;2036197530;1025553705;1288130414;1805299799;1477874185;1418799939;1990500175;1700263581;196336067;137493410;129110638;1606325181;211240347;849127733;1820341827;1660848283;1234846027;2007038043;
